1e-05 17.89
2e-05 17.89
0.000104338 17.89
0.000360284 17.89
0.000936868 17.89
0.00208642 17.89
0.00411135 17.89
0.00738157 17.89
0.0122965 17.89
0.0192818 17.89
0.0287692 17.89
0.0411915 17.89
0.0569743 17.89
0.0765331 17.89
0.100271 17.89
0.128579 17.89
0.161833 17.8899
0.200397 17.8899
0.244622 17.8899
0.294846 17.8898
0.351397 17.8898
0.414589 17.8897
0.484725 17.8895
0.562099 17.8894
0.64699 17.8892
0.739668 17.8889
0.840388 17.8886
0.949391 17.8882
1.0669 17.8878
1.19313 17.8872
1.32827 17.8865
1.47248 17.8857
1.62589 17.8848
1.7886 17.8836
1.96066 17.8823
2.14208 17.8808
2.3328 17.8791
2.53316 17.8771
2.74315 17.8748
2.963 17.8722
3.19297 17.8692
3.43347 17.8658
3.68141 17.8621
3.93689 17.8579
4.19804 17.8531
4.47213 17.8478
4.75823 17.8417
5.03999 17.8353
5.33011 17.8281
5.64034 17.8197
5.94794 17.8107
6.25121 17.801
6.59148 17.789
6.88058 17.7779
7.23526 17.7628
7.53 17.7489
7.79417 17.7352
8.0775 17.719
8.3615 17.701
8.64383 17.6808
8.87434 17.6622
9.07729 17.6441
9.28025 17.6237
9.44953 17.6047
9.5869 17.5878
9.7214 17.5699
9.86669 17.5484
10.012 17.5241
10.144 17.499
10.2712 17.471
10.3894 17.4409
10.4647 17.4187
10.5311 17.3969
10.5947 17.3733
10.6552 17.3479
10.7206 17.3162
10.7722 17.2871
10.8231 17.254
10.8723 17.2168
10.8959 17.1969
10.9185 17.1763
10.9458 17.1498
10.9621 17.1345
10.9785 17.116
10.9918 17.0991
11.005 17.0825
11.0248 17.0568
11.0425 17.0324
11.0616 17.0049
11.0837 16.9713
11.1057 16.9361
11.1272 16.8996
11.1479 16.8624
11.1678 16.8248
11.1867 16.787
11.2049 16.749
11.2221 16.7113
11.2386 16.6733
11.2545 16.6351
11.2697 16.5969
11.2838 16.5599
11.2974 16.5223
11.3105 16.4842
11.3237 16.4444
11.3367 16.4047
11.3473 16.3715
11.3575 16.3388
11.3671 16.305
11.3761 16.2697
11.3845 16.2321
11.3923 16.1925
11.4007 16.1459
11.4082 16.1017
11.4157 16.0572
11.4232 16.0135
11.431 15.9696
11.4396 15.9246
11.4472 15.8879
11.4537 15.8574
11.4605 15.8244
11.4685 15.7842
11.4764 15.7439
11.4838 15.7056
11.4915 15.6644
11.4987 15.6253
11.5057 15.586
11.5126 15.5468
11.5194 15.5074
11.526 15.4681
11.5324 15.4291
11.5396 15.3842
11.5452 15.3494
11.5504 15.3152
11.5557 15.2789
11.5603 15.2477
11.563 15.231
11.5657 15.2158
11.5691 15.1936
11.5722 15.166
11.5755 15.1264
11.5788 15.0804
11.5821 15.0341
11.5849 14.9957
11.5879 14.9509
11.591 14.9033
11.5941 14.855
11.5971 14.8077
11.6 14.7598
11.6025 14.722
11.605 14.6879
11.6074 14.6538
11.6092 14.6254
11.6108 14.6036
11.6137 14.5736
11.6165 14.5524
11.6201 14.5354
11.6242 14.5253
11.6293 14.5217
11.6348 14.5217
11.6385 14.5185
11.6423 14.5093
11.6473 14.4894
11.6525 14.4631
11.6585 14.4311
11.6639 14.4061
11.6685 14.388
11.6758 14.3628
11.682 14.3405
11.687 14.3192
11.692 14.2936
11.6978 14.2618
11.7041 14.2303
11.7103 14.1985
11.7166 14.1665
11.7274 14.1137
11.7369 14.0728
11.7455 14.038
11.7536 14.0046
11.7612 13.9713
11.7699 13.9313
11.7781 13.8919
11.7866 13.8512
11.7932 13.8192
11.7999 13.7872
11.8059 13.7567
11.8119 13.7227
11.8176 13.6863
11.8247 13.6376
11.8293 13.6086
11.8334 13.5837
11.8398 13.5482
11.8455 13.5177
11.8513 13.4854
11.8569 13.4517
11.8621 13.4155
11.8672 13.3769
11.8731 13.3308
11.8779 13.2959
11.8823 13.2667
11.8875 13.2329
11.8922 13.2013
11.8971 13.1665
11.9024 13.1273
11.9075 13.0879
11.9127 13.0476
11.9167 13.0161
11.9207 12.9846
11.9245 12.9532
11.9283 12.919
11.9319 12.8828
11.9374 12.8243
11.9416 12.7813
11.9457 12.7426
11.9498 12.7046
11.9537 12.6682
11.9575 12.632
11.9612 12.5959
11.9652 12.5539
11.9686 12.5155
11.9721 12.4756
11.9753 12.4361
11.9784 12.3964
11.9819 12.3508
11.985 12.3098
11.9883 12.2674
11.9917 12.2248
11.9938 12.1993
11.9956 12.1771
11.9975 12.1479
11.9993 12.1134
12.0013 12.0652
12.003 12.0247
12.0048 11.9915
12.0072 11.9547
12.0092 11.9287
12.0109 11.9054
12.0124 11.8821
12.0148 11.8424
12.017 11.8037
12.0193 11.7619
12.0215 11.7199
12.0236 11.6822
12.0255 11.6465
12.0273 11.6103
12.0291 11.574
12.0308 11.5366
12.0324 11.4982
12.034 11.4578
12.0358 11.4114
12.0375 11.368
12.0391 11.3287
12.0407 11.2898
12.0423 11.2519
12.0438 11.2144
12.0453 11.1772
12.0468 11.14
12.0481 11.1027
12.0496 11.0605
12.0509 11.0218
12.0522 10.9819
12.0534 10.9426
12.0545 10.9031
12.0556 10.8638
12.0567 10.8245
12.0578 10.7854
12.0588 10.7467
12.0598 10.708
12.0608 10.6695
12.0617 10.6309
12.0626 10.5924
12.0634 10.5539
12.0643 10.5153
12.0651 10.4767
12.0658 10.4378
12.0666 10.3989
12.0673 10.36
12.068 10.3212
12.0687 10.2824
12.0694 10.2437
12.07 10.2052
12.0706 10.169
12.0712 10.1315
12.0718 10.0945
12.0723 10.057
12.0728 10.0194
12.0733 9.98134
12.0737 9.94284
12.0742 9.90387
12.0746 9.85836
12.0751 9.8174
12.0755 9.77322
12.0759 9.73476
12.0763 9.69571
12.0767 9.65782
12.0771 9.62013
12.0774 9.5828
12.0778 9.54563
12.0781 9.50859
12.0784 9.47158
12.0787 9.43453
12.079 9.39737
12.0793 9.35838
12.0796 9.32041
12.0798 9.28201
12.08 9.24375
12.0803 9.20543
12.0805 9.16715
12.0807 9.12889
12.0809 9.09065
12.0811 9.05246
12.0812 9.01432
12.0814 8.97623
12.0816 8.93837
12.0817 8.90054
12.0819 8.86279
12.082 8.82507
12.0821 8.78738
12.0823 8.74971
12.0824 8.71206
12.0825 8.67442
12.0826 8.63679
12.0827 8.59917
12.0828 8.56141
12.0829 8.52375
12.083 8.48607
12.0831 8.44841
12.0831 8.41076
12.0832 8.37313
12.0833 8.33551
12.0834 8.2979
12.0834 8.26032
12.0835 8.22275
12.0835 8.1852
12.0836 8.14769
12.0836 8.1102
12.0837 8.07273
12.0837 8.03527
12.0838 7.99782
12.0838 7.96038
12.0838 7.92296
12.0839 7.88555
12.0839 7.84814
12.0839 7.81074
12.084 7.77333
12.084 7.73592
12.084 7.69851
12.0841 7.66112
12.0841 7.62375
12.0841 7.58639
12.0841 7.54906
12.0841 7.51174
12.0842 7.47446
12.0842 7.4372
12.0842 7.39997
12.0842 7.36295
12.0842 7.32584
12.0842 7.28878
12.0842 7.25171
12.0843 7.21466
12.0843 7.1776
12.0843 7.14054
12.0843 7.10346
12.0843 7.06637
12.0843 7.02926
12.0843 6.99212
12.0843 6.99212
