1e-05 17.5
2e-05 17.5
9.08955e-05 17.5
0.00028805 17.5
0.000714825 17.5
0.00153727 17.5
0.00294964 17.5
0.00518477 17.5
0.00849094 17.5
0.0131301 17.5
0.0193663 17.5
0.0274633 17.5
0.0376794 17.5
0.0502667 17.5
0.0654696 17.5
0.0835244 17.5
0.104659 17.5
0.129095 17.4999
0.157044 17.4999
0.188711 17.4999
0.224296 17.4998
0.26399 17.4997
0.307979 17.4996
0.356442 17.4995
0.409552 17.4994
0.467475 17.4992
0.530373 17.4989
0.598399 17.4986
0.671701 17.4983
0.75042 17.4979
0.834687 17.4974
0.924628 17.4968
1.02036 17.496
1.12199 17.4952
1.2296 17.4942
1.3433 17.4931
1.46315 17.4918
1.58922 17.4903
1.72154 17.4886
1.86017 17.4866
2.00511 17.4843
2.15637 17.4818
2.31392 17.4789
2.47773 17.4757
2.64772 17.472
2.82384 17.4679
3.00584 17.4633
3.19364 17.4581
3.38698 17.4524
3.58589 17.4459
3.79012 17.4387
3.99917 17.4306
4.21293 17.4216
4.43388 17.4114
4.65146 17.4003
4.88171 17.3874
5.11751 17.3727
5.35232 17.3563
5.59158 17.3375
5.83826 17.3155
6.09325 17.2893
6.33507 17.2605
6.5525 17.2307
6.75418 17.199
6.87064 17.1787
6.98709 17.1567
7.08272 17.1395
7.14116 17.128
7.19952 17.1145
7.26455 17.0985
7.32029 17.0849
7.42753 17.058
7.50797 17.0366
7.61976 17.0057
7.73659 16.9716
7.85768 16.9343
7.97432 16.8964
8.08759 16.8577
8.19559 16.8189
8.29928 16.7801
8.39826 16.7414
8.49269 16.7029
8.58327 16.6646
8.67094 16.6262
8.75545 16.5879
8.83483 16.5505
8.91101 16.513
8.99149 16.4717
9.06231 16.4346
9.12774 16.4001
9.19317 16.3655
9.25167 16.3332
9.30876 16.2991
9.36189 16.2637
9.41183 16.2261
9.45836 16.1867
9.50688 16.1423
9.55237 16.0992
9.59779 16.056
9.64366 16.0131
9.69174 15.9702
9.74507 15.926
9.79437 15.8888
9.83544 15.859
9.87953 15.826
9.93095 15.7866
9.98165 15.7474
10.0299 15.7096
10.0792 15.6704
10.1269 15.632
10.1735 15.5938
10.2199 15.5554
10.2658 15.5167
10.311 15.4782
10.355 15.44
10.3984 15.4017
10.4358 15.3685
10.4733 15.335
10.5103 15.3007
10.5478 15.2645
10.5792 15.2363
10.606 15.2148
10.6315 15.1917
10.656 15.1608
10.6836 15.1134
10.704 15.0748
10.7245 15.0363
10.7448 14.9976
10.7664 14.9549
10.7898 14.9073
10.8128 14.86
10.8347 14.8135
10.858 14.7632
10.8782 14.7227
10.8983 14.6865
10.9167 14.6517
10.9286 14.6269
10.9405 14.6054
10.9613 14.5763
10.9827 14.5549
11.0094 14.5373
11.0398 14.5265
11.0768 14.5219
11.1225 14.5218
11.1539 14.5192
11.1853 14.5103
11.2236 14.4917
11.2654 14.4656
11.3147 14.4331
11.3517 14.4113
11.3847 14.3948
11.4466 14.3682
11.4946 14.348
11.5492 14.3212
11.6006 14.29
11.6425 14.2632
11.6844 14.2381
11.7309 14.2109
11.7719 14.1866
11.8447 14.1442
11.9015 14.1135
11.9543 14.0875
12.0298 14.0529
12.097 14.0228
12.1657 13.9908
12.2436 13.9528
12.3184 13.9152
12.3947 13.8764
12.4715 13.8374
12.5308 13.8078
12.5821 13.7822
12.6433 13.7499
12.699 13.717
12.7542 13.6805
12.8289 13.63
12.8875 13.5939
12.9434 13.5627
13.0089 13.5281
13.0684 13.4965
13.1285 13.4625
13.1843 13.4277
13.2376 13.3903
13.2978 13.346
13.3461 13.3121
13.3905 13.2835
13.448 13.2488
13.4999 13.2177
13.5518 13.1851
13.6098 13.147
13.6661 13.1089
13.7229 13.0698
13.7798 13.0305
13.8268 12.9982
13.8689 12.9688
13.9143 12.935
13.9564 12.9001
13.994 12.8664
14.0484 12.8172
14.099 12.7742
14.1457 12.7366
14.1936 12.6993
14.2401 12.6634
14.2854 12.6278
14.3289 12.5921
14.3741 12.5531
14.4162 12.5152
14.4573 12.4764
14.4969 12.4377
14.5353 12.3987
14.5788 12.3532
14.6171 12.3131
14.6573 12.2715
14.6992 12.2298
14.7219 12.2083
14.741 12.1903
14.7661 12.1637
14.7886 12.1341
14.8037 12.1098
14.818 12.0838
14.8415 12.0402
14.8582 12.0119
14.875 11.9882
14.9015 11.9575
14.9298 11.9288
14.9541 11.9034
14.976 11.8782
15.0076 11.8383
15.0363 11.7996
15.0659 11.7582
15.0954 11.7168
15.1225 11.6793
15.148 11.6438
15.173 11.6078
15.1968 11.5717
15.2194 11.5345
15.2409 11.4963
15.2632 11.4541
15.2846 11.4134
15.306 11.3739
15.3267 11.3366
15.3482 11.2988
15.3694 11.2616
15.3904 11.2245
15.411 11.1876
15.4309 11.1508
15.4501 11.1138
15.4686 11.0764
15.4868 11.0378
15.5043 10.9991
15.5212 10.9601
15.5376 10.9211
15.5535 10.882
15.5689 10.843
15.584 10.8041
15.5982 10.7662
15.6124 10.7277
15.626 10.6894
15.6393 10.6511
15.6521 10.6128
15.6645 10.5744
15.6765 10.5361
15.6881 10.4977
15.6996 10.4584
15.7105 10.4197
15.7211 10.3808
15.7314 10.342
15.7414 10.3034
15.7511 10.2648
15.7605 10.2263
15.7697 10.1878
15.7783 10.1508
15.7867 10.1135
15.7946 10.0763
15.8021 10.0388
15.8092 10.001
15.816 9.96282
15.8223 9.92418
15.8283 9.88516
15.8348 9.84146
15.8402 9.80496
15.8452 9.77097
15.8508 9.73282
15.8563 9.69587
15.8618 9.65839
15.8671 9.62122
15.8724 9.58409
15.8774 9.5471
15.8823 9.51017
15.887 9.47325
15.8914 9.43628
15.8956 9.39919
15.8998 9.36011
15.9036 9.32221
15.9073 9.28384
15.9107 9.24563
15.914 9.20736
15.9172 9.16913
15.9201 9.1309
15.923 9.09271
15.9257 9.05456
15.9283 9.01645
15.9308 8.97839
15.9332 8.94056
15.9354 8.90277
15.9376 8.86504
15.9396 8.82735
15.9416 8.78968
15.9434 8.75204
15.9452 8.71442
15.9468 8.67681
15.9484 8.6392
15.9499 8.6016
15.9514 8.56386
15.9527 8.52622
15.954 8.48855
15.9552 8.45091
15.9564 8.41328
15.9575 8.37566
15.9585 8.33805
15.9595 8.30046
15.9604 8.26289
15.9613 8.22533
15.9621 8.1878
15.9629 8.1503
15.9636 8.11282
15.9643 8.07535
15.965 8.0379
15.9656 8.00046
15.9662 7.96304
15.9667 7.92562
15.9672 7.88821
15.9677 7.85082
15.9682 7.81342
15.9686 7.77604
15.969 7.73863
15.9694 7.70123
15.9698 7.66385
15.9701 7.62648
15.9705 7.58913
15.9708 7.55179
15.9711 7.51449
15.9713 7.4772
15.9716 7.43994
15.9718 7.40271
15.9721 7.3657
15.9723 7.32859
15.9725 7.29154
15.9727 7.25447
15.9728 7.21742
15.973 7.18037
15.9731 7.1433
15.9733 7.10623
15.9734 7.06914
15.9735 7.03203
15.9737 6.9949
15.9737 6.9949
