0.207919 16.962 17.479
0.211007 16.8065 17.482
0.214168 16.6557 17.485
0.217401 16.5101 17.488
0.22071 16.3692 17.491
0.224097 16.233 17.494
0.227564 16.1012 17.497
0.231112 15.9737 17.5
0.234744 15.8505 17.503
0.238461 15.7312 17.506
0.242263 15.6161 17.509
0.246153 15.5048 17.512
0.250135 15.3973 17.515
0.25421 15.2933 17.518
0.258382 15.1929 17.521
0.262651 15.096 17.524
0.267017 15.0025 17.527
0.27148 14.9123 17.53
0.276042 14.8253 17.533
0.280704 14.7416 17.536
0.285472 14.6609 17.539
0.290351 14.583 17.542
0.295342 14.5081 17.545
0.300446 14.4359 17.548
0.305662 14.3665 17.551
0.310988 14.2997 17.554
0.316432 14.2357 17.557
0.321998 14.1741 17.56
0.327697 14.1149 17.563
0.33353 14.058 17.566
0.339497 14.0034 17.569
0.345595 13.9511 17.572
0.351822 13.9011 17.575
0.358182 13.8533 17.578
0.364682 13.8077 17.581
0.371328 13.764 17.584
0.378117 13.7225 17.587
0.385041 13.6829 17.59
0.392089 13.6454 17.593
0.39926 13.6099 17.596
0.406561 13.5763 17.599
0.414 13.5446 17.602
0.421587 13.5145 17.605
0.429332 13.4861 17.608
0.437247 13.4593 17.611
0.44534 13.4341 17.614
0.453611 13.4104 17.617
0.46206 13.3881 17.62
0.470686 13.3674 17.623
0.479486 13.3481 17.626
0.488457 13.3303 17.629
0.4976 13.3139 17.632
0.506926 13.2988 17.635
0.516452 13.285 17.638
0.526194 13.2725 17.641
0.53617 13.2613 17.644
0.546402 13.2512 17.647
0.556902 13.2423 17.65
0.567669 13.2347 17.653
0.578695 13.2282 17.656
0.589971 13.2229 17.659
0.601487 13.2188 17.662
0.613231 13.2158 17.665
0.625201 13.214 17.668
0.637405 13.2133 17.671
0.649851 13.2136 17.674
0.66255 13.215 17.677
0.675512 13.2175 17.68
0.688748 13.221 17.683
0.702269 13.2254 17.686
0.716088 13.2309 17.689
0.730219 13.2373 17.692
0.744675 13.2447 17.695
0.759471 13.2531 17.698
0.774613 13.2624 17.701
0.790097 13.2726 17.704
0.805922 13.2838 17.707
0.822083 13.2959 17.71
0.838577 13.3088 17.713
0.855403 13.3226 17.716
0.872567 13.3372 17.719
0.890073 13.3527 17.722
0.907928 13.369 17.725
0.926137 13.386 17.728
0.944716 13.4039 17.731
0.963692 13.4225 17.734
0.983091 13.4419 17.737
1.00295 13.4622 17.74
1.02329 13.4833 17.743
1.0441 13.5052 17.746
1.06537 13.5278 17.749
1.08705 13.5512 17.752
1.10911 13.5751 17.755
1.13151 13.5997 17.758
1.15428 13.6249 17.761
1.17746 13.6506 17.764
1.20109 13.677 17.767
1.22521 13.7041 17.77
1.24986 13.7318 17.773
1.27507 13.7603 17.776
1.30085 13.7894 17.779
1.32723 13.8193 17.782
1.35422 13.8498 17.785
1.38179 13.881 17.788
1.4099 13.9128 17.791
1.43849 13.9451 17.794
1.46749 13.9777 17.797
1.49691 14.0108 17.8
1.52683 14.0443 17.803
1.55737 14.0784 17.806
1.58862 14.1132 17.809
1.62065 14.1486 17.812
1.65339 14.1847 17.815
1.68675 14.2213 17.818
1.72062 14.2582 17.821
1.75494 14.2954 17.824
1.78977 14.3329 17.827
1.82524 14.3709 17.83
1.86148 14.4095 17.833
1.89861 14.4487 17.836
1.93657 14.4885 17.839
1.97524 14.5287 17.842
2.01446 14.5692 17.845
2.05411 14.6098 17.848
2.09426 14.6506 17.851
2.13507 14.6917 17.854
2.17673 14.7333 17.857
2.21939 14.7756 17.86
2.26301 14.8184 17.863
2.30745 14.8616 17.866
2.35256 14.9051 17.869
2.39823 14.9486 17.872
2.44452 14.9924 17.875
2.49157 15.0364 17.878
2.53954 15.0809 17.881
2.58851 15.1258 17.884
2.63842 15.1711 17.887
2.68917 15.2167 17.89
2.74064 15.2625 17.893
2.79278 15.3084 17.896
2.84567 15.3545 17.899
2.89937 15.4007 17.902
2.95397 15.4473 17.905
3.0095 15.4941 17.908
3.06597 15.5412 17.911
3.12337 15.5885 17.914
3.1817 15.6361 17.917
3.24091 15.6838 17.92
3.30096 15.7317 17.923
3.36178 15.7797 17.926
3.42338 15.8277 17.929
3.48583 15.8758 17.932
3.54922 15.9241 17.935
3.61364 15.9726 17.938
3.67907 16.0213 17.941
3.7455 16.0701 17.944
3.81289 16.1191 17.947
3.88127 16.1682 17.95
3.95069 16.2175 17.953
4.02124 16.267 17.956
4.09294 16.3167 17.959
4.16565 16.3665 17.962
4.23916 16.4162 17.965
4.31328 16.4658 17.968
4.38806 16.5152 17.971
4.46373 16.5646 17.974
4.54058 16.6141 17.977
4.61873 16.6639 17.98
4.69801 16.7138 17.983
4.77824 16.7637 17.986
4.85924 16.8135 17.989
4.94112 16.8632 17.992
5.02405 16.9129 17.995
5.1082 16.9627 17.998
5.19356 17.0127 18.001
5.28001 17.0626 18.004
5.36742 17.1125 18.007
5.45571 17.1623 18.01
5.54491 17.212 18.013
5.63504 17.2616 18.016
5.72618 17.3111 18.019
5.81852 17.3607 18.022
5.91227 17.4104 18.025
6.00755 17.4603 18.028
6.10407 17.5102 18.031
6.20141 17.5599 18.034
6.29924 17.6093 18.037
6.39766 17.6584 18.04
6.49695 17.7073 18.043
6.59739 17.7561 18.046
6.69899 17.805 18.049
6.80165 17.8537 18.052
6.90527 17.9023 18.055
7.0098 17.9507 18.058
7.11525 17.999 18.061
7.22161 18.047 18.064
7.32896 18.095 18.067
7.43745 18.1428 18.07
7.54722 18.1907 18.073
7.65826 18.2384 18.076
7.77044 18.2861 18.079
7.8836 18.3337 18.082
7.9977 18.381 18.085
8.11277 18.4282 18.088
8.22884 18.4752 18.091
8.34577 18.5219 18.094
8.46325 18.5684 18.097
8.58103 18.6143 18.1
8.69936 18.66 18.103
8.81886 18.7055 18.106
8.94015 18.7512 18.109
9.06315 18.797 18.112
9.18735 18.8426 18.115
9.31224 18.8879 18.118
9.43775 18.933 18.121
9.564 18.9777 18.124
9.6911 19.0222 18.127
9.81902 19.0665 18.13
9.94767 19.1104 18.133
10.077 19.1541 18.136
10.2073 19.1976 18.139
10.3387 19.2409 18.142
10.4713 19.2841 18.145
10.6049 19.3271 18.148
10.7392 19.3699 18.151
10.8741 19.4123 18.154
11.0096 19.4544 18.157
11.1459 19.4962 18.16
11.2831 19.5378 18.163
11.4212 19.5792 18.166
11.56 19.6203 18.169
11.6997 19.6612 18.172
11.8401 19.7018 18.175
11.9811 19.7421 18.178
12.1229 19.7821 18.181
12.2653 19.8219 18.184
12.4083 19.8613 18.187
12.5518 19.9004 18.19
12.6958 19.9392 18.193
12.8405 19.9777 18.196
12.9859 20.016 18.199
13.1322 20.054 18.202
13.2797 20.0919 18.205
13.4286 20.1297 18.208
13.5792 20.1675 18.211
13.7309 20.2051 18.214
13.8833 20.2425 18.217
14.0358 20.2794 18.22
14.1878 20.3158 18.223
14.3386 20.3514 18.226
14.4883 20.3864 18.229
14.6375 20.4209 18.232
14.7867 20.455 18.235
14.9368 20.4889 18.238
15.0884 20.5227 18.241
15.242 20.5565 18.244
15.3976 20.5904 18.247
15.5547 20.6243 18.25
15.7131 20.658 18.253
15.8723 20.6914 18.256
16.032 20.7246 18.259
16.1918 20.7574 18.262
16.3516 20.7898 18.265
16.5111 20.8218 18.268
16.6699 20.8532 18.271
16.828 20.8841 18.274
16.9853 20.9146 18.277
17.1425 20.9446 18.28
17.3002 20.9744 18.283
17.459 21.0041 18.286
17.6195 21.0337 18.289
17.7821 21.0633 18.292
17.946 21.0928 18.295
18.1107 21.1221 18.298
18.2755 21.1511 18.301
18.4396 21.1795 18.304
18.6025 21.2075 18.307
18.7646 21.235 18.31
18.9263 21.262 18.313
19.0878 21.2888 18.316
19.2497 21.3152 18.319
19.4123 21.3415 18.322
19.5755 21.3675 18.325
19.7392 21.3933 18.328
19.9033 21.4188 18.331
20.0676 21.4441 18.334
20.2321 21.469 18.337
20.3967 21.4937 18.34
20.5616 21.5181 18.343
20.7269 21.5423 18.346
20.8927 21.5662 18.349
21.0591 21.5899 18.352
21.2259 21.6134 18.355
21.3926 21.6366 18.358
21.559 21.6594 18.361
21.7246 21.6818 18.364
21.8893 21.7038 18.367
22.0531 21.7254 18.37
22.2165 21.7467 18.373
22.3797 21.7677 18.376
22.543 21.7884 18.379
22.7068 21.809 18.382
22.8711 21.8293 18.385
23.0357 21.8493 18.388
23.2008 21.8692 18.391
23.3661 21.8888 18.394
23.5317 21.9082 18.397
23.6975 21.9273 18.4
23.8633 21.9462 18.403
24.0289 21.9648 18.406
24.1942 21.9831 18.409
24.3592 22.0011 18.412
24.5238 22.0189 18.415
24.6884 22.0363 18.418
24.8529 22.0535 18.421
25.0176 22.0705 18.424
25.1822 22.0872 18.427
25.3465 22.1037 18.43
25.5099 22.1198 18.433
25.6721 22.1356 18.436
25.8326 22.1509 18.439
25.9917 22.1659 18.442
26.1503 22.1807 18.445
26.3091 22.1952 18.448
26.4691 22.2096 18.451
26.6308 22.2239 18.454
26.7939 22.2381 18.457
26.9577 22.2521 18.46
27.1212 22.2659 18.463
27.2836 22.2794 18.466
27.4443 22.2925 18.469
27.6036 22.3053 18.472
27.7618 22.3177 18.475
27.9194 22.3299 18.478
28.0768 22.3419 18.481
28.2341 22.3536 18.484
28.3913 22.3652 18.487
28.5481 22.3765 18.49
28.7044 22.3875 18.493
28.8601 22.3983 18.496
29.0153 22.4089 18.499
29.1703 22.4192 18.502
29.3251 22.4293 18.505
29.48 22.4393 18.508
29.6352 22.449 18.511
29.7904 22.4586 18.514
29.9455 22.4679 18.517
30.1004 22.477 18.52
30.2548 22.4859 18.523
30.4086 22.4945 18.526
30.5614 22.5029 18.529
30.7132 22.5111 18.532
30.8638 22.519 18.535
31.0129 22.5266 18.538
31.161 22.534 18.541
31.3087 22.5412 18.544
31.4564 22.5482 18.547
31.6046 22.555 18.55
31.7533 22.5617 18.553
31.9018 22.5682 18.556
32.0494 22.5744 18.559
32.1955 22.5804 18.562
32.3396 22.5862 18.565
32.4825 22.5917 18.568
32.6247 22.597 18.571
32.7671 22.6021 18.574
32.9104 22.6071 18.577
33.0547 22.6119 18.58
33.1993 22.6166 18.583
33.3434 22.6211 18.586
33.4865 22.6253 18.589
33.6281 22.6294 18.592
33.7683 22.6332 18.595
33.9073 22.6368 18.598
34.0453 22.6402 18.601
34.1826 22.6435 18.604
34.3192 22.6465 18.607
34.4556 22.6494 18.61
34.5918 22.6521 18.613
34.7282 22.6546 18.616
34.8646 22.657 18.619
35.0007 22.6592 18.622
35.1358 22.6612 18.625
35.2696 22.663 18.628
35.4018 22.6646 18.631
35.533 22.666 18.634
35.6637 22.6673 18.637
35.7946 22.6684 18.64
35.9263 22.6694 18.643
36.0583 22.6701 18.646
36.1898 22.6708 18.649
36.32 22.6712 18.652
36.4483 22.6715 18.655
36.5746 22.6716 18.658
36.6996 22.6715 18.661
36.8238 22.6713 18.664
36.9479 22.6709 18.667
37.0721 22.6704 18.67
37.196 22.6697 18.673
37.3195 22.6689 18.676
37.4421 22.6679 18.679
37.5637 22.6667 18.682
37.6846 22.6654 18.685
37.805 22.6639 18.688
37.9251 22.6623 18.691
38.0452 22.6605 18.694
38.1649 22.6586 18.697
38.2838 22.6565 18.7
38.4016 22.6543 18.703
38.5179 22.652 18.706
38.6331 22.6495 18.709
38.7474 22.6469 18.712
38.8612 22.6441 18.715
38.9749 22.6412 18.718
39.0885 22.6381 18.721
39.2015 22.6349 18.724
39.3139 22.6315 18.727
39.4254 22.628 18.73
39.536 22.6244 18.733
39.6458 22.6207 18.736
39.755 22.6168 18.739
39.8635 22.6128 18.742
39.9713 22.6087 18.745
40.0783 22.6044 18.748
40.1843 22.6 18.751
40.289 22.5955 18.754
40.3928 22.5909 18.757
40.4957 22.5862 18.76
40.598 22.5814 18.763
40.6999 22.5764 18.766
40.8015 22.5713 18.769
40.9024 22.5661 18.772
41.0027 22.5607 18.775
41.1022 22.5552 18.778
41.2009 22.5497 18.781
41.299 22.544 18.784
41.3964 22.5381 18.787
41.4933 22.5322 18.79
41.5896 22.5261 18.793
41.6849 22.5199 18.796
41.779 22.5137 18.799
41.8719 22.5074 18.802
41.9638 22.501 18.805
42.055 22.4944 18.808
42.146 22.4878 18.811
42.2369 22.481 18.814
42.3276 22.474 18.817
42.4177 22.467 18.82
42.5071 22.4598 18.823
42.5955 22.4525 18.826
42.6828 22.4452 18.829
42.7688 22.4378 18.832
42.8534 22.4304 18.835
42.9369 22.423 18.838
43.0195 22.4154 18.841
43.1019 22.4077 18.844
43.1843 22.3999 18.847
43.2665 22.3919 18.85
43.348 22.3838 18.853
43.4284 22.3756 18.856
43.5073 22.3675 18.859
43.585 22.3593 18.862
43.6621 22.351 18.865
43.7388 22.3426 18.868
43.8154 22.334 18.871
43.8913 22.3254 18.874
43.9663 22.3166 18.877
44.0399 22.3079 18.88
44.1123 22.2992 18.883
44.1839 22.2904 18.886
44.255 22.2814 18.889
44.3258 22.2724 18.892
44.3962 22.2632 18.895
44.4657 22.254 18.898
44.5342 22.2447 18.901
44.6016 22.2354 18.904
44.6679 22.2261 18.907
44.7336 22.2167 18.91
44.7988 22.2072 18.913
44.8634 22.1976 18.916
44.9272 22.1879 18.919
44.99 22.1783 18.922
45.0518 22.1686 18.925
45.1126 22.1588 18.928
45.1726 22.1491 18.931
45.2321 22.1392 18.934
45.2911 22.1292 18.937
45.3495 22.1192 18.94
45.4073 22.109 18.943
45.4645 22.0988 18.946
45.521 22.0885 18.949
45.5768 22.0782 18.952
45.6319 22.0678 18.955
45.6862 22.0573 18.958
45.7397 22.0468 18.961
45.7924 22.0363 18.964
45.8442 22.0257 18.967
45.8951 22.0151 18.97
45.9452 22.0046 18.973
45.9942 21.994 18.976
46.0423 21.9834 18.979
46.0894 21.9729 18.982
46.1355 21.9624 18.985
46.1805 21.952 18.988
46.2244 21.9416 18.991
46.2672 21.9312 18.994
46.3089 21.9209 18.997
46.3495 21.9108 19
46.3889 21.9007 19.003
46.4271 21.8907 19.006
46.4641 21.8808 19.009
46.4999 21.8711 19.012
46.5345 21.8615 19.015
46.5679 21.852 19.018
46.6001 21.8427 19.021
46.631 21.8336 19.024
46.6607 21.8246 19.027
46.6892 21.8158 19.03
46.7165 21.8072 19.033
46.7425 21.7989 19.036
46.7673 21.7907 19.039
46.791 21.7828 19.042
46.8135 21.7751 19.045
46.8348 21.7676 19.048
46.8549 21.7604 19.051
46.8739 21.7535 19.054
46.8918 21.7469 19.057
46.9086 21.7405 19.06
46.9243 21.7344 19.063
46.9389 21.7286 19.066
46.9526 21.7231 19.069
46.9652 21.718 19.072
46.9768 21.7131 19.075
46.9874 21.7086 19.078
46.9971 21.7045 19.081
47.0058 21.7007 19.084
47.0136 21.6972 19.087
47.0205 21.6941 19.09
47.0265 21.6914 19.093
47.0316 21.6891 19.096
47.0358 21.6871 19.099
47.0391 21.6856 19.102
47.0416 21.6844 19.105
47.0431 21.6837 19.108
47.0438 21.6834 19.111
47.0436 21.6835 19.114
47.0424 21.6841 19.117
47.0403 21.6851 19.12
47.0372 21.6865 19.123
47.0331 21.6884 19.126
47.0279 21.6908 19.129
47.0217 21.6936 19.132
47.0143 21.6969 19.135
47.0057 21.7007 19.138
46.9959 21.705 19.141
46.9847 21.7098 19.144
46.9721 21.7151 19.147
46.9581 21.7209 19.15
46.9424 21.7272 19.153
46.9251 21.7341 19.156
46.9059 21.7415 19.159
46.8849 21.7494 19.162
46.8619 21.7579 19.165
46.8368 21.7669 19.168
46.8094 21.7765 19.171
46.7796 21.7866 19.174
46.7474 21.7973 19.177
46.7124 21.8085 19.18
46.6747 21.8203 19.183
46.6341 21.8326 19.186
46.5903 21.8455 19.189
46.5434 21.859 19.192
46.493 21.873 19.195
46.4391 21.8875 19.198
46.3816 21.9026 19.201
46.3202 21.9181 19.204
46.2548 21.9342 19.207
46.1852 21.9508 19.21
46.1114 21.9679 19.213
46.0331 21.9855 19.216
45.9501 22.0035 19.219
45.8624 22.022 19.222
45.7696 22.0408 19.225
45.6717 22.0601 19.228
45.5684 22.0797 19.231
45.4595 22.0997 19.234
45.3447 22.12 19.237
45.2237 22.1406 19.24
45.0963 22.1615 19.243
44.9622 22.1826 19.246
44.8211 22.2039 19.249
44.6728 22.2254 19.252
44.517 22.247 19.255
44.3535 22.2688 19.258
44.182 22.2906 19.261
44.0023 22.3124 19.264
43.814 22.3342 19.267
43.617 22.3559 19.27
43.4109 22.3774 19.273
43.1954 22.3988 19.276
