0.163509 20.4433 17.26
0.169002 19.8681 17.263
0.174719 19.3504 17.266
0.180651 18.8845 17.269
0.186787 18.4656 17.272
0.193116 18.0886 17.275
0.199621 17.7496 17.278
0.206286 17.4446 17.281
0.213094 17.1705 17.284
0.220024 16.9241 17.287
0.227055 16.7027 17.29
0.234164 16.5038 17.293
0.241327 16.3252 17.296
0.248519 16.1648 17.299
0.255714 16.0209 17.302
0.262887 15.8918 17.305
0.27001 15.776 17.308
0.277058 15.6722 17.311
0.284017 15.5789 17.314
0.290877 15.4949 17.317
0.297631 15.4192 17.32
0.304273 15.3508 17.323
0.3108 15.2889 17.326
0.317207 15.2327 17.329
0.323493 15.1815 17.332
0.329657 15.1349 17.335
0.335699 15.0923 17.338
0.341621 15.0533 17.341
0.347423 15.0174 17.344
0.353107 14.9845 17.347
0.358678 14.9541 17.35
0.364137 14.926 17.353
0.36949 14.9 17.356
0.374739 14.8758 17.359
0.37989 14.8533 17.362
0.384947 14.8324 17.365
0.389917 14.8127 17.368
0.394803 14.7943 17.371
0.399612 14.7771 17.374
0.40435 14.7608 17.377
0.409023 14.7454 17.38
0.413637 14.7309 17.383
0.418199 14.7171 17.386
0.422715 14.704 17.389
0.427192 14.6915 17.392
0.431637 14.6796 17.395
0.436057 14.6682 17.398
0.440459 14.6572 17.401
0.44485 14.6466 17.404
0.449238 14.6365 17.407
0.45363 14.6267 17.41
0.458034 14.6171 17.413
0.462457 14.6079 17.416
0.466907 14.599 17.419
0.471393 14.5902 17.422
0.475921 14.5817 17.425
0.480502 14.5733 17.428
0.485142 14.5651 17.431
0.48985 14.5571 17.434
0.494636 14.5492 17.437
0.499506 14.5414 17.44
0.50446 14.5338 17.443
0.509497 14.5262 17.446
0.514615 14.5188 17.449
0.519813 14.5115 17.452
0.525088 14.5044 17.455
0.530439 14.4974 17.458
0.535865 14.4905 17.461
0.541363 14.4838 17.464
0.546933 14.4771 17.467
0.552571 14.4707 17.47
0.558276 14.4643 17.473
0.564046 14.4581 17.476
0.569879 14.4521 17.479
0.575772 14.4461 17.482
0.581724 14.4403 17.485
0.587732 14.4346 17.488
0.593794 14.429 17.491
0.599906 14.4236 17.494
0.606067 14.4183 17.497
0.612273 14.4131 17.5
0.618522 14.408 17.503
0.624811 14.403 17.506
0.631136 14.3981 17.509
0.637494 14.3934 17.512
0.643883 14.3887 17.515
0.650298 14.3841 17.518
0.656736 14.3796 17.521
0.663193 14.3753 17.524
0.669666 14.371 17.527
0.67615 14.3668 17.53
0.682642 14.3626 17.533
0.689138 14.3586 17.536
0.695632 14.3546 17.539
0.702124 14.3507 17.542
0.708614 14.3469 17.545
0.7151 14.3431 17.548
0.721585 14.3394 17.551
0.728067 14.3357 17.554
0.734549 14.3321 17.557
0.741029 14.3285 17.56
0.747509 14.3249 17.563
0.75399 14.3214 17.566
0.76047 14.3178 17.569
0.766953 14.3143 17.572
0.773437 14.3109 17.575
0.779923 14.3074 17.578
0.786413 14.3039 17.581
0.792907 14.3004 17.584
0.799405 14.2969 17.587
0.805909 14.2935 17.59
0.812419 14.29 17.593
0.818936 14.2865 17.596
0.825461 14.283 17.599
0.831994 14.2794 17.602
0.838537 14.2759 17.605
0.845091 14.2723 17.608
0.851656 14.2686 17.611
0.858233 14.265 17.614
0.864823 14.2613 17.617
0.871428 14.2576 17.62
0.878047 14.2539 17.623
0.884682 14.25 17.626
0.891331 14.2462 17.629
0.897994 14.2423 17.632
0.904669 14.2384 17.635
0.911357 14.2344 17.638
0.918056 14.2303 17.641
0.924765 14.2262 17.644
0.931484 14.2221 17.647
0.938211 14.2179 17.65
0.944946 14.2136 17.653
0.951689 14.2093 17.656
0.958437 14.2049 17.659
0.965191 14.2005 17.662
0.971949 14.196 17.665
0.97871 14.1914 17.668
0.985473 14.1868 17.671
0.992239 14.1821 17.674
0.999004 14.1773 17.677
1.00577 14.1725 17.68
1.01253 14.1676 17.683
1.01929 14.1627 17.686
1.02605 14.1576 17.689
1.03281 14.1525 17.692
1.03956 14.1474 17.695
1.0463 14.1422 17.698
1.05303 14.1369 17.701
1.05976 14.1315 17.704
1.06649 14.126 17.707
1.0732 14.1205 17.71
1.07991 14.115 17.713
1.08661 14.1093 17.716
1.0933 14.1035 17.719
1.09998 14.0977 17.722
1.10665 14.0919 17.725
1.11331 14.0859 17.728
1.11996 14.0798 17.731
1.1266 14.0737 17.734
1.13322 14.0675 17.737
1.13984 14.0612 17.74
1.14644 14.0549 17.743
1.15304 14.0484 17.746
1.15961 14.0419 17.749
1.16618 14.0353 17.752
1.17273 14.0286 17.755
1.17927 14.0218 17.758
1.18579 14.015 17.761
1.1923 14.008 17.764
1.19879 14.001 17.767
1.20526 13.9939 17.77
1.21172 13.9867 17.773
1.21816 13.9795 17.776
1.22458 13.9721 17.779
1.23098 13.9647 17.782
1.23737 13.9571 17.785
1.24373 13.9495 17.788
1.25007 13.9418 17.791
1.25639 13.9341 17.794
1.26269 13.9262 17.797
1.26897 13.9183 17.8
1.27523 13.9103 17.803
1.28146 13.9021 17.806
1.28767 13.8939 17.809
1.29385 13.8857 17.812
1.30001 13.8773 17.815
1.30615 13.8689 17.818
1.31226 13.8604 17.821
1.31834 13.8518 17.824
1.32439 13.8431 17.827
1.33042 13.8343 17.83
1.33642 13.8255 17.833
1.3424 13.8166 17.836
1.34834 13.8075 17.839
1.35426 13.7985 17.842
1.36014 13.7893 17.845
1.366 13.78 17.848
1.37182 13.7707 17.851
1.37762 13.7613 17.854
1.38338 13.7518 17.857
1.38912 13.7423 17.86
1.39482 13.7326 17.863
1.40048 13.7229 17.866
1.40612 13.7131 17.869
1.41172 13.7033 17.872
1.41729 13.6933 17.875
1.42283 13.6833 17.878
1.42833 13.6732 17.881
1.43379 13.6631 17.884
1.43922 13.6528 17.887
1.44462 13.6425 17.89
1.44998 13.6321 17.893
1.45531 13.6217 17.896
1.46059 13.6112 17.899
1.46585 13.6006 17.902
1.47106 13.5899 17.905
1.47624 13.5792 17.908
1.48138 13.5684 17.911
1.48649 13.5575 17.914
1.49155 13.5466 17.917
1.49658 13.5356 17.92
1.50157 13.5245 17.923
1.50652 13.5134 17.926
1.51143 13.5022 17.929
1.51631 13.4909 17.932
1.52114 13.4796 17.935
1.52593 13.4682 17.938
1.53069 13.4567 17.941
1.5354 13.4452 17.944
1.54008 13.4336 17.947
1.54471 13.422 17.95
1.54931 13.4103 17.953
1.55386 13.3986 17.956
1.55837 13.3868 17.959
1.56285 13.3749 17.962
1.56728 13.363 17.965
1.57167 13.351 17.968
1.57601 13.339 17.971
1.58032 13.3269 17.974
1.58459 13.3148 17.977
1.58881 13.3026 17.98
1.59299 13.2904 17.983
1.59713 13.2781 17.986
1.60123 13.2657 17.989
1.60529 13.2534 17.992
1.6093 13.2409 17.995
1.61328 13.2284 17.998
1.61721 13.2159 18.001
1.62109 13.2034 18.004
1.62494 13.1907 18.007
1.62874 13.1781 18.01
1.63251 13.1654 18.013
1.63623 13.1526 18.016
1.6399 13.1398 18.019
1.64354 13.127 18.022
1.64713 13.1142 18.025
1.65068 13.1012 18.028
1.65418 13.0883 18.031
1.65765 13.0753 18.034
1.66107 13.0623 18.037
1.66445 13.0493 18.04
1.66779 13.0362 18.043
1.67109 13.0231 18.046
1.67434 13.0099 18.049
1.67755 12.9967 18.052
1.68072 12.9835 18.055
1.68385 12.9702 18.058
1.68694 12.9569 18.061
1.68999 12.9436 18.064
1.69299 12.9303 18.067
1.69595 12.9169 18.07
1.69888 12.9035 18.073
1.70176 12.8901 18.076
1.7046 12.8766 18.079
1.70739 12.8631 18.082
1.71015 12.8496 18.085
1.71287 12.8361 18.088
1.71555 12.8225 18.091
1.71818 12.809 18.094
1.72078 12.7954 18.097
1.72333 12.7818 18.1
1.72585 12.7681 18.103
1.72832 12.7545 18.106
1.73076 12.7408 18.109
1.73315 12.7271 18.112
1.73551 12.7134 18.115
1.73782 12.6997 18.118
1.7401 12.6859 18.121
1.74234 12.6721 18.124
1.74454 12.6584 18.127
1.7467 12.6446 18.13
1.74883 12.6308 18.133
1.75091 12.6169 18.136
1.75296 12.6031 18.139
1.75497 12.5892 18.142
1.75694 12.5754 18.145
1.75888 12.5615 18.148
1.76077 12.5476 18.151
1.76263 12.5337 18.154
1.76446 12.5199 18.157
1.76624 12.506 18.16
1.76799 12.4921 18.163
1.7697 12.4782 18.166
1.77138 12.4642 18.169
1.77302 12.4503 18.172
1.77462 12.4364 18.175
1.77619 12.4225 18.178
1.77773 12.4085 18.181
1.77923 12.3946 18.184
1.78069 12.3807 18.187
1.78212 12.3667 18.19
1.78352 12.3528 18.193
1.78488 12.3388 18.196
1.78621 12.3248 18.199
1.78751 12.3109 18.202
1.78877 12.2969 18.205
1.79 12.283 18.208
1.79119 12.269 18.211
1.79236 12.2551 18.214
1.79349 12.2411 18.217
1.79458 12.2272 18.22
1.79565 12.2132 18.223
1.79668 12.1993 18.226
1.79769 12.1854 18.229
1.79866 12.1715 18.232
1.7996 12.1575 18.235
1.80051 12.1436 18.238
1.80139 12.1297 18.241
1.80223 12.1158 18.244
1.80305 12.1019 18.247
1.80384 12.088 18.25
1.8046 12.0741 18.253
1.80533 12.0603 18.256
1.80603 12.0464 18.259
1.8067 12.0325 18.262
1.80734 12.0187 18.265
1.80796 12.0048 18.268
1.80854 11.991 18.271
1.8091 11.9772 18.274
1.80963 11.9634 18.277
1.81013 11.9496 18.28
1.81061 11.9358 18.283
1.81105 11.9221 18.286
1.81147 11.9083 18.289
1.81187 11.8946 18.292
1.81224 11.8808 18.295
1.81258 11.8671 18.298
1.81289 11.8534 18.301
1.81318 11.8397 18.304
1.81345 11.826 18.307
1.81369 11.8123 18.31
1.8139 11.7987 18.313
1.81409 11.785 18.316
1.81426 11.7714 18.319
1.8144 11.7578 18.322
1.81451 11.7442 18.325
1.81461 11.7306 18.328
1.81468 11.7171 18.331
1.81472 11.7036 18.334
1.81474 11.6901 18.337
1.81474 11.6766 18.34
1.81472 11.6631 18.343
1.81467 11.6497 18.346
1.8146 11.6363 18.349
1.81451 11.6228 18.352
1.8144 11.6094 18.355
1.81427 11.596 18.358
1.81411 11.5826 18.361
1.81393 11.5692 18.364
1.81373 11.5559 18.367
1.81351 11.5426 18.37
1.81327 11.5293 18.373
1.81301 11.516 18.376
1.81273 11.5028 18.379
1.81243 11.4896 18.382
1.81211 11.4764 18.385
1.81177 11.4632 18.388
1.81141 11.4501 18.391
1.81104 11.437 18.394
1.81064 11.4238 18.397
1.81022 11.4107 18.4
1.80979 11.3977 18.403
1.80933 11.3846 18.406
1.80886 11.3716 18.409
1.80837 11.3586 18.412
1.80786 11.3456 18.415
1.80734 11.3326 18.418
1.80679 11.3197 18.421
1.80623 11.3068 18.424
1.80566 11.2939 18.427
1.80506 11.2811 18.43
1.80445 11.2683 18.433
1.80383 11.2555 18.436
1.80318 11.2427 18.439
1.80252 11.23 18.442
1.80185 11.2172 18.445
1.80116 11.2045 18.448
1.80045 11.1919 18.451
1.79973 11.1792 18.454
1.79899 11.1666 18.457
1.79824 11.154 18.46
1.79747 11.1414 18.463
1.79668 11.1289 18.466
1.79589 11.1164 18.469
1.79507 11.1039 18.472
1.79425 11.0914 18.475
1.79341 11.0789 18.478
1.79255 11.0665 18.481
1.79168 11.0541 18.484
1.7908 11.0418 18.487
1.78991 11.0295 18.49
1.789 11.0172 18.493
1.78808 11.0049 18.496
1.78715 10.9927 18.499
1.7862 10.9805 18.502
1.78524 10.9682 18.505
1.78426 10.9561 18.508
1.78328 10.9439 18.511
1.78228 10.9318 18.514
1.78127 10.9197 18.517
1.78025 10.9077 18.52
1.77922 10.8957 18.523
1.77817 10.8837 18.526
1.77712 10.8717 18.529
1.77605 10.8598 18.532
1.77497 10.8479 18.535
1.77388 10.836 18.538
1.77278 10.8241 18.541
1.77167 10.8123 18.544
1.77055 10.8005 18.547
