6.6400000166	1.1235829130218e-13	7.757489681744
7.8518001826	1.1235828891526e-12	7.817163039782
7.901599834	1.1235828891526e-11	7.856945019891
8.1506001992	1.1235829508147e-10	8.105582141962
11.6034000996	1.346083623109e-9	11.53678039782
16.4339999336	1.5574453632507e-8	16.310620457493
45.151999834	1.8911965556839e-7	44.85420619346
210.82	6.474520579564e-6	210.8445980109
1150.38003154	0.0002113617779346	1143.7325099455
10449.7001826	0.010839799300327	10383.10239782
26244.598506	0.0552671435	26077.10080109
65935.202656	0.2704380240654	65511.00670981
165601.598174	1.2804433350436	164498.57159128
415996.02158	5.858297200654	413334.9879564
1.04480396182e6	25.78669180327	1.0383101562398e6
2.62446e6	108.52131959019	2.607710159673e6
6.5935200996e6	435.0758549346	6.552095519346e6
8.2999999502e6	585.0539710654	8.247803110218e6
1.65601593028e7	1596.3920208147	1.6459801724251e7
3.3033999834e7	4264.033650109	3.2840041e7
6.5935199502e7	11191.471901853	6.553090129019e7
1.3153840498e8	28969.25180327	1.3078333037057e8
2.6244599004e8	74269.01261744	2.609699100545e8
3.3033999834e8	97207.31620436	3.285993319346e8
5.2372998174e8	181220.93230763	5.208458071526e8
8.2999999834e8	336973.4409455	8.255759430654e8
1.04480400996e9	459342.8510654	1.0393047261308e9
1.31538397842e9	560230.0189782	1.3088277761308e9
1.6560159253e9	763158.0188801	1.6479693320981e9
2.6244599834e9	1.4150457678474e6	2.611688379564e9
4.159960166e9	2.621036990436e6	4.141306020981e9
6.5935197178e9	4.852608260545e6	6.56502474891e9
8.2999997842e9	6.298684079891e6	8.266699580109e9
1.04480397178e10	8.568246861635e6	1.0402992980109e10
1.31538397842e10	1.1658712148256e7	1.310816919891e10
1.656016e10	1.5852531105422e7	1.6499584977384e10
2.08496e10	2.155985450218e7	2.0786095e10
2.6244598672e10	2.784541070109e7	2.616661010218e10
3.3034000996e10	3.786848639673e7	3.29494415e10
4.1599600996e10	5.148387649346e7	4.149262580109e10
5.2373000166e10	6.618133460327e7	5.225365600545e10
6.5935197178e10	8.998688240872e7	6.580937628474e10
8.2999997842e10	1.2237141433706e8	8.286590938147e10
1.0448040332e11	1.6631262780763e8	1.0432829838147e11
1.31538403984e11	2.261606719891e8	1.3147951019891e11
1.656016e11	2.889167869346e8	1.6549311960218e11
1.8342999502e11	3.217170260436e8	1.833950140327e11
2.0849599336e11	3.659943920436e8	2.084576839782e11
2.6244599336e11	4.976131390436e8	2.625611940327e11
3.3034000332e11	6.470144420327e8	3.306878829564e11
4.2695201328e11	8.682819061417e8	4.275570569346e11
4.4321999336e11	8.777301430763e8	4.435693019891e11
5.1891599004e11	9.291285348147e8	5.199507479564e11
6.5586601826e11	1.0121137092398e9	6.573975519891e11
7.8999397676e11	1.0936668828365e9	7.920596219891e11
9.6479200332e11	1.204797850109e9	9.674982061853e11
1.18573804316e12	1.3549748901635e9	1.1894817721526e12
1.45847599336e12	1.556331532891e9	1.4629830679019e12
8.3000000166e12	1.4018754752762e10	8.384385477249e12
1.66e13	2.886974130738e10	1.6785100968223e13
2.49e13	5.225322476857e10	2.519646098861e13
3.32e13	8.069275935084e10	3.36166492912e13
4.15e13	1.1328574716899e11	4.204453461515e13
4.98e13	1.4966896185458e11	5.047935095805e13
5.81e13	1.8969208075549e11	5.892055310759e13
6.64e13	2.333206761311e11	6.736774165249e13
7.47e13	2.80591337277e11	7.582061842666e13
8.3e13	3.315871292081e11	8.427895886071e13
9.13e13	3.864229821224e11	9.274259388114e13
9.96e13	4.452364940015e11	1.0121139638446e14
1.079e14	5.081819553542e11	1.096852734797e14
1.162e14	5.7542634118e11	1.181641583331e14
1.245e14	6.47146583913e11	1.2664800638882e14
1.328e14	7.223854431019e11	1.3513679099292e14
1.992e14	4.51147771e12	2.03504821e14
2.656e14	9.45797159e12	2.73481359e14
3.32e14	1.643812131e13	3.44949722e14
3.984e14	2.55718696e13	4.17989474e14
4.648e14	3.6897805e13	4.92719961e14
5.312e14	5.0403794e13	5.69220747e14
5.976e14	6.60222072e13	6.47531614e14
6.64e14	8.36555787e13	7.27672453e14
7.304e14	1.031865516e14	8.09683046e14
7.968e14	1.244878235e14	8.93543502e14
8.632e14	1.474301029e14	9.7923393e14
9.296e14	1.718940438e14	1.06675433e15
9.96e14	1.977603002e14	1.156084811e15
1.0624e15	2.24927428e14	1.2471657e15
1.1288e15	2.53291994e14	1.339977106e15
1.1952e15	2.82790347e14	1.434499138e15
1.2616e15	3.13303141e14	1.530692014e15
1.328e15	3.44810485e14	1.628515952e15
1.3944e15	3.77212924e14	1.72793117e15
1.4608e15	4.10490567e14	1.828917777e15
1.5272e15	4.4456385e14	1.931435991e15
1.5936e15	4.79412882e14	2.03544603e15
1.66e15	5.1497799e14	2.14086833e15
1.7264e15	5.51239283e14	2.24788191e15
1.7928e15	5.8817687e14	2.35608895e15
1.8592e15	6.25731078e14	2.46588727e15
1.9256e15	6.63901907e14	2.57687905e15
1.992e15	7.02649575e14	2.6892632e15
2.0584e15	7.41954191e14	2.80303972e15
2.1248e15	7.81795864e14	2.9180097e15
2.1912e15	8.22174594e14	3.03417314e15
2.2576e15	8.63050599e14	3.15172895e15
2.324e15	9.04423879e14	3.27027931e15
2.3904e15	9.46274543e14	3.39022204e15
2.4568e15	9.885827e14	3.51115932e15
2.5232e15	1.03134835e15	3.63329006e15
2.5896e15	1.074531711e15	3.75661426e15
2.656e15	1.118172565e15	3.88113192e15
2.7224e15	1.162211239e15	4.00664413e15
2.7888e15	1.206667624e15	4.13315089e15
2.8552e15	1.251501938e15	4.26085111e15
2.9216e15	1.296734072e15	4.38954588e15
2.988e15	1.342364026e15	4.5192352e15
3.0544e15	1.388352018e15	4.64991907e15
3.1208e15	1.434717939e15	4.78159749e15
3.1872e15	1.481441898e15	4.91446937e15
3.2536e15	1.528504004e15	5.04813689e15
3.32e15	1.575924148e15	5.18279896e15