0.247231 16.5152 17.35
0.250093 16.4392 17.353
0.252973 16.3653 17.356
0.255865 16.2938 17.359
0.258765 16.2246 17.362
0.261666 16.1577 17.365
0.264563 16.093 17.368
0.267454 16.0308 17.371
0.270339 15.9706 17.374
0.273219 15.9124 17.377
0.276095 15.8561 17.38
0.278968 15.8016 17.383
0.28184 15.7488 17.386
0.284711 15.6976 17.389
0.287582 15.6478 17.392
0.290455 15.5995 17.395
0.29333 15.5524 17.398
0.296211 15.5067 17.401
0.299096 15.4621 17.404
0.301989 15.4186 17.407
0.30489 15.3761 17.41
0.307802 15.3346 17.413
0.310725 15.2941 17.416
0.313661 15.2544 17.419
0.316612 15.2156 17.422
0.319579 15.1776 17.425
0.322564 15.1403 17.428
0.325567 15.1037 17.431
0.328586 15.0678 17.434
0.331623 15.0326 17.437
0.334675 14.9981 17.44
0.337744 14.9642 17.443
0.340828 14.931 17.446
0.343927 14.8984 17.449
0.347041 14.8664 17.452
0.350169 14.8351 17.455
0.353311 14.8042 17.458
0.356467 14.774 17.461
0.359635 14.7443 17.464
0.362815 14.7152 17.467
0.366008 14.6866 17.47
0.369212 14.6585 17.473
0.372427 14.631 17.476
0.375653 14.6039 17.479
0.378889 14.5773 17.482
0.382136 14.5512 17.485
0.385394 14.5255 17.488
0.388663 14.5002 17.491
0.391943 14.4754 17.494
0.395235 14.4509 17.497
0.398538 14.4269 17.5
0.401853 14.4032 17.503
0.40518 14.3799 17.506
0.408518 14.357 17.509
0.41187 14.3344 17.512
0.415233 14.3121 17.515
0.418609 14.2901 17.518
0.421998 14.2685 17.521
0.4254 14.2472 17.524
0.428815 14.2261 17.527
0.432243 14.2053 17.53
0.435685 14.1848 17.533
0.439139 14.1646 17.536
0.442605 14.1446 17.539
0.446085 14.1249 17.542
0.449577 14.1054 17.545
0.453082 14.0862 17.548
0.4566 14.0672 17.551
0.46013 14.0484 17.554
0.463673 14.0299 17.557
0.467228 14.0115 17.56
0.470796 13.9934 17.563
0.474376 13.9754 17.566
0.477968 13.9577 17.569
0.481573 13.9402 17.572
0.485189 13.9228 17.575
0.488818 13.9057 17.578
0.492458 13.8887 17.581
0.496111 13.8718 17.584
0.499775 13.8552 17.587
0.503451 13.8387 17.59
0.507139 13.8224 17.593
0.510838 13.8062 17.596
0.514549 13.7902 17.599
0.518272 13.7743 17.602
0.522005 13.7585 17.605
0.52575 13.7429 17.608
0.529506 13.7275 17.611
0.533274 13.7121 17.614
0.537053 13.6969 17.617
0.540842 13.6818 17.62
0.544643 13.6668 17.623
0.548455 13.652 17.626
0.552279 13.6372 17.629
0.556113 13.6225 17.632
0.559958 13.608 17.635
0.563814 13.5936 17.638
0.567681 13.5792 17.641
0.57156 13.565 17.644
0.575448 13.5508 17.647
0.579348 13.5368 17.65
0.583258 13.5228 17.653
0.587179 13.5089 17.656
0.59111 13.4951 17.659
0.595051 13.4814 17.662
0.599002 13.4677 17.665
0.602963 13.4541 17.668
0.606934 13.4406 17.671
0.610915 13.4271 17.674
0.614905 13.4138 17.677
0.618905 13.4005 17.68
0.622914 13.3872 17.683
0.626932 13.374 17.686
0.63096 13.3609 17.689
0.634996 13.3478 17.692
0.639042 13.3348 17.695
0.643096 13.3218 17.698
0.647158 13.3089 17.701
0.651229 13.2961 17.704
0.655308 13.2832 17.707
0.659395 13.2704 17.71
0.663491 13.2577 17.713
0.667595 13.245 17.716
0.671706 13.2324 17.719
0.675826 13.2198 17.722
0.679953 13.2072 17.725
0.684088 13.1947 17.728
0.688231 13.1822 17.731
0.692381 13.1697 17.734
0.696539 13.1572 17.737
0.700704 13.1448 17.74
0.704876 13.1324 17.743
0.709054 13.1201 17.746
0.71324 13.1077 17.749
0.717431 13.0954 17.752
0.721629 13.0831 17.755
0.725833 13.0708 17.758
0.730043 13.0586 17.761
0.734258 13.0463 17.764
0.738478 13.0341 17.767
0.742704 13.0219 17.77
0.746935 13.0097 17.773
0.751171 12.9975 17.776
0.755411 12.9854 17.779
0.759657 12.9732 17.782
0.763908 12.9611 17.785
0.768163 12.9489 17.788
0.772422 12.9368 17.791
0.776686 12.9247 17.794
0.780954 12.9125 17.797
0.785226 12.9004 17.8
0.789501 12.8883 17.803
0.793779 12.8762 17.806
0.798061 12.8641 17.809
0.802346 12.852 17.812
0.806633 12.8399 17.815
0.810923 12.8278 17.818
0.815215 12.8157 17.821
0.819509 12.8036 17.824
0.823806 12.7915 17.827
0.828104 12.7794 17.83
0.832403 12.7673 17.833
0.836704 12.7551 17.836
0.841007 12.743 17.839
0.84531 12.7309 17.842
0.849614 12.7187 17.845
0.853919 12.7066 17.848
0.858225 12.6944 17.851
0.86253 12.6823 17.854
0.866836 12.6701 17.857
0.871142 12.6579 17.86
0.875447 12.6457 17.863
0.879752 12.6335 17.866
0.884055 12.6213 17.869
0.888358 12.609 17.872
0.89266 12.5968 17.875
0.896959 12.5845 17.878
0.901257 12.5722 17.881
0.905553 12.5599 17.884
0.909847 12.5476 17.887
0.914139 12.5353 17.89
0.918428 12.523 17.893
0.922714 12.5106 17.896
0.926997 12.4982 17.899
0.931277 12.4858 17.902
0.935553 12.4734 17.905
0.939826 12.461 17.908
0.944095 12.4486 17.911
0.94836 12.4361 17.914
0.952621 12.4236 17.917
0.956877 12.4111 17.92
0.961128 12.3985 17.923
0.965375 12.386 17.926
0.969615 12.3734 17.929
0.973851 12.3608 17.932
0.97808 12.3482 17.935
0.982304 12.3356 17.938
0.986521 12.3229 17.941
0.990732 12.3103 17.944
0.994936 12.2976 17.947
0.999133 12.2848 17.95
1.00332 12.2721 17.953
1.00751 12.2593 17.956
1.01168 12.2465 17.959
1.01585 12.2337 17.962
1.02001 12.2208 17.965
1.02416 12.208 17.968
1.0283 12.1951 17.971
1.03244 12.1822 17.974
1.03656 12.1692 17.977
1.04068 12.1562 17.98
1.04478 12.1433 17.983
1.04888 12.1302 17.986
1.05297 12.1172 17.989
1.05705 12.1041 17.992
1.06111 12.091 17.995
1.06517 12.0779 17.998
1.06921 12.0648 18.001
1.07325 12.0516 18.004
1.07727 12.0384 18.007
1.08128 12.0252 18.01
1.08528 12.0119 18.013
1.08927 11.9986 18.016
1.09325 11.9853 18.019
1.09721 11.972 18.022
1.10116 11.9586 18.025
1.1051 11.9453 18.028
1.10903 11.9318 18.031
1.11294 11.9184 18.034
1.11684 11.905 18.037
1.12072 11.8915 18.04
1.12459 11.878 18.043
1.12845 11.8644 18.046
1.13229 11.8508 18.049
1.13612 11.8373 18.052
1.13994 11.8236 18.055
1.14373 11.81 18.058
1.14752 11.7963 18.061
1.15129 11.7826 18.064
1.15504 11.7689 18.067
1.15878 11.7552 18.07
1.1625 11.7414 18.073
1.1662 11.7276 18.076
1.16989 11.7138 18.079
1.17356 11.6999 18.082
1.17722 11.686 18.085
1.18086 11.6721 18.088
1.18448 11.6582 18.091
1.18808 11.6442 18.094
1.19167 11.6303 18.097
1.19524 11.6163 18.1
1.19879 11.6022 18.103
1.20232 11.5882 18.106
1.20584 11.5741 18.109
1.20934 11.56 18.112
1.21281 11.5459 18.115
1.21627 11.5317 18.118
1.21971 11.5176 18.121
1.22313 11.5034 18.124
1.22654 11.4892 18.127
1.22992 11.4749 18.13
1.23328 11.4607 18.133
1.23663 11.4464 18.136
1.23995 11.4321 18.139
1.24325 11.4177 18.142
1.24654 11.4034 18.145
1.2498 11.389 18.148
1.25304 11.3746 18.151
1.25627 11.3602 18.154
1.25947 11.3458 18.157
1.26265 11.3313 18.16
1.26581 11.3168 18.163
1.26895 11.3023 18.166
1.27206 11.2878 18.169
1.27516 11.2733 18.172
1.27823 11.2587 18.175
1.28128 11.2441 18.178
1.28431 11.2295 18.181
1.28732 11.2149 18.184
1.29031 11.2003 18.187
1.29327 11.1856 18.19
1.29621 11.171 18.193
1.29913 11.1563 18.196
1.30203 11.1416 18.199
1.3049 11.1268 18.202
1.30775 11.1121 18.205
1.31058 11.0973 18.208
1.31339 11.0826 18.211
1.31617 11.0678 18.214
1.31893 11.053 18.217
1.32167 11.0381 18.22
1.32438 11.0233 18.223
1.32707 11.0085 18.226
1.32973 10.9936 18.229
1.33237 10.9787 18.232
1.33499 10.9638 18.235
1.33759 10.9489 18.238
1.34016 10.934 18.241
1.34271 10.9191 18.244
1.34523 10.9041 18.247
1.34773 10.8892 18.25
1.3502 10.8742 18.253
1.35265 10.8592 18.256
1.35508 10.8442 18.259
1.35748 10.8292 18.262
1.35986 10.8142 18.265
1.36221 10.7992 18.268
1.36454 10.7842 18.271
1.36685 10.7691 18.274
1.36913 10.7541 18.277
1.37138 10.739 18.28
1.37361 10.7239 18.283
1.37582 10.7089 18.286
1.378 10.6938 18.289
1.38016 10.6787 18.292
1.38229 10.6636 18.295
1.3844 10.6485 18.298
1.38648 10.6334 18.301
1.38854 10.6183 18.304
1.39057 10.6031 18.307
1.39258 10.588 18.31
1.39457 10.5729 18.313
1.39653 10.5577 18.316
1.39846 10.5426 18.319
1.40037 10.5274 18.322
1.40226 10.5123 18.325
1.40412 10.4971 18.328
1.40595 10.482 18.331
1.40776 10.4668 18.334
1.40955 10.4517 18.337
1.41131 10.4365 18.34
1.41304 10.4213 18.343
1.41476 10.4062 18.346
1.41644 10.391 18.349
1.4181 10.3758 18.352
1.41974 10.3607 18.355
1.42135 10.3455 18.358
1.42294 10.3303 18.361
1.42451 10.3152 18.364
1.42605 10.3 18.367
1.42756 10.2848 18.37
1.42905 10.2697 18.373
1.43051 10.2545 18.376
1.43196 10.2394 18.379
1.43337 10.2242 18.382
1.43476 10.2091 18.385
1.43613 10.1939 18.388
1.43748 10.1788 18.391
1.4388 10.1637 18.394
1.44009 10.1485 18.397
1.44136 10.1334 18.4
1.44261 10.1183 18.403
1.44383 10.1032 18.406
1.44503 10.0881 18.409
1.44621 10.073 18.412
1.44736 10.0579 18.415
1.44849 10.0428 18.418
1.44959 10.0277 18.421
1.45067 10.0126 18.424
1.45173 9.99756 18.427
1.45277 9.9825 18.43
1.45378 9.96746 18.433
1.45476 9.95243 18.436
1.45573 9.9374 18.439
1.45667 9.92239 18.442
1.45759 9.90738 18.445
1.45848 9.89238 18.448
1.45935 9.87739 18.451
1.4602 9.86242 18.454
1.46103 9.84746 18.457
1.46184 9.83251 18.46
1.46262 9.81757 18.463
1.46338 9.80265 18.466
1.46411 9.78773 18.469
1.46483 9.77283 18.472
1.46552 9.75794 18.475
1.46619 9.74306 18.478
1.46684 9.7282 18.481
1.46746 9.71336 18.484
1.46807 9.69852 18.487
1.46865 9.68371 18.49
1.46921 9.66891 18.493
1.46975 9.65412 18.496
1.47027 9.63936 18.499
1.47077 9.6246 18.502
1.47125 9.60986 18.505
1.4717 9.59514 18.508
1.47214 9.58043 18.511
1.47255 9.56574 18.514
1.47294 9.55108 18.517
1.47332 9.53643 18.52
1.47367 9.5218 18.523
1.474 9.50718 18.526
1.47431 9.49258 18.529
1.4746 9.47801 18.532
1.47487 9.46345 18.535
1.47512 9.44891 18.538
1.47535 9.43438 18.541
1.47557 9.41989 18.544
1.47576 9.40541 18.547
1.47593 9.39096 18.55
1.47608 9.37652 18.553
1.47622 9.3621 18.556
1.47633 9.3477 18.559
1.47643 9.33332 18.562
1.47651 9.31898 18.565
1.47656 9.30465 18.568
1.4766 9.29034 18.571
1.47663 9.27604 18.574
1.47663 9.26178 18.577
1.47661 9.24754 18.58
1.47658 9.23333 18.583
1.47653 9.21913 18.586
1.47646 9.20496 18.589
1.47637 9.19082 18.592
1.47627 9.17669 18.595
1.47615 9.1626 18.598
1.47601 9.14853 18.601
1.47585 9.13448 18.604
1.47568 9.12045 18.607
1.47549 9.10645 18.61
1.47528 9.09248 18.613
1.47506 9.07853 18.616
1.47482 9.06461 18.619
1.47456 9.05071 18.622
1.47429 9.03684 18.625
1.474 9.02299 18.628
1.47369 9.00918 18.631
1.47337 8.99539 18.634
1.47303 8.98164 18.637
1.47268 8.96789 18.64
1.47231 8.95418 18.643
1.47193 8.9405 18.646
1.47153 8.92686 18.649
1.47111 8.91323 18.652
1.47068 8.89963 18.655
1.47024 8.88607 18.658
1.46978 8.87253 18.661
1.46931 8.85901 18.664
1.46882 8.84553 18.667
1.46832 8.83208 18.67
1.4678 8.81865 18.673
1.46727 8.80526 18.676
1.46672 8.79188 18.679
1.46616 8.77851 18.682
1.46559 8.76513 18.685
1.46499 8.75174 18.688
1.46439 8.73833 18.691
1.46376 8.72488 18.694
1.46312 8.71138 18.697
1.46246 8.69782 18.7
1.46178 8.68419 18.703
1.46109 8.67049 18.706
1.46037 8.65669 18.709
1.45964 8.64279 18.712
1.45888 8.62877 18.715
1.4581 8.61462 18.718
1.4573 8.60034 18.721
1.45647 8.58591 18.724
1.45563 8.57131 18.727
1.45475 8.55653 18.73
1.45386 8.54157 18.733
1.45293 8.5264 18.736
1.45198 8.51101 18.739
1.451 8.4954 18.742
1.44999 8.47954 18.745
1.44896 8.46342 18.748
1.44789 8.44702 18.751
1.4468 8.43033 18.754
1.44567 8.41333 18.757
